We need to add a new input called "Puzzle Solution Input" that takes in an array of arrays with a puzzle solution. In a form like: 
[
        [0,0,1,1,0,0,0,1,1,0],
        [0,1,0,0,1,0,1,0,0,1],
        [0,1,0,1,1,1,1,1,0,1],
        [0,0,1,1,0,1,0,1,1,0],
        [0,0,0,1,1,1,1,1,0,0],
        [0,0,1,1,1,0,1,1,1,0],
        [1,0,1,1,1,1,1,1,1,1],
        [1,0,1,1,1,1,1,1,1,1],
        [1,0,1,1,1,1,1,1,1,1],
        [0,1,1,1,1,1,1,1,0,0]
      ]

However, like the clue array inputs, it should ignore new lines and extra spaces, so that this:

[
        [1,0,0,1],     
        [0,1,1,0],
   		[0,1,1,0],
        [1,0,0,1]
     
 ]

Would become [[1,0,0,1], [0,1,1,0], [0,1,1,0], [1,0,0,1]] (or whatever is best to deal with internally). 

[
    [1,1,0,1,1],
    [0,1,1,1,0],
    [0,0,1,0,1],
    [0,1,1,1,0],
    [1,1,0,1,1]
]

 
 SQUIREL
[
    [0,0,0,0,0,0,0,0,0,0,0,0,0,0,1,1,1,1,1,1],
    [0,0,0,0,0,1,0,0,0,0,0,0,0,0,0,1,1,1,1,1],
    [0,0,0,0,0,1,0,0,0,0,0,0,0,0,0,0,1,1,1,1],
    [0,0,0,1,1,1,1,0,0,0,0,0,0,0,0,0,0,0,1,1],
    [0,0,1,1,0,1,1,0,0,0,0,0,0,0,0,0,0,0,0,1],
    [0,1,1,1,1,1,1,0,0,0,0,0,1,1,0,0,0,0,0,1],
    [0,1,1,1,1,1,1,1,0,0,0,1,1,0,0,0,1,1,0,1],
    [0,0,0,0,1,1,1,1,1,0,0,1,1,0,0,0,0,1,1,1],
    [0,0,0,1,1,1,1,1,1,1,0,1,1,0,0,0,0,0,1,1],
    [0,1,1,1,1,0,1,1,1,1,1,0,1,1,0,0,0,0,0,1],
    [0,1,0,0,0,1,1,1,1,1,1,0,1,1,0,0,0,0,0,1],
    [0,0,0,0,1,1,1,1,1,1,1,0,0,1,1,0,0,0,0,1],
    [0,0,0,0,1,1,1,1,1,1,1,0,0,1,1,0,0,0,0,1],
    [0,0,0,0,1,1,0,0,1,1,1,0,0,1,1,0,0,0,0,1],
    [0,0,0,0,1,1,1,1,1,1,1,0,0,1,1,0,0,0,0,1],
    [0,0,0,0,1,1,1,1,1,1,1,0,1,1,1,0,0,0,0,1],
    [0,0,1,1,1,0,1,1,1,1,1,1,1,1,0,0,0,0,0,1],
    [1,1,1,1,1,1,1,1,1,1,1,1,1,0,1,1,1,1,1,1],
    [1,1,1,1,1,1,1,1,1,1,1,1,1,1,1,1,1,1,1,1],
    [1,1,1,1,1,1,1,1,1,1,1,1,1,1,1,1,1,1,1,1]
]

Use the app’s existing bulk clue inputs:

1. Set Rows to `20` and Columns to `20` if needed.
2. Paste this into **Row Clues** and click **Load Rows**:

```json
[[6],[1,5],[1,4],[4,2],[2,2,1],[6,2,1],[7,2,2,1],[5,2,3],[7,2,2],[4,5,2,1],[1,6,2,1],[7,2,1],[7,2,1],[2,3,2,1],[7,2,1],[7,3,1],[3,8,1],[13,6],[20],[20]]
```

3. Paste this into **Column Clues** and click **Load Columns**:

```json
[[3],[2,2,3],[3,1,4],[4,2,4],[1,5,9],[8,6,3],[10,6],[7,6],[13],[12],[11],[3,4],[6,5],[1,8,2],[1,5,3],[2,3],[3,1,3],[3,2,3],[4,2,3],[20]]
```

Then use **Step Solve** or **Auto Solve**.

